Observer: RMA
     lat: 50:50:38.5
     lon: 4:23:34.5
    date: 2020/04/01

        GSAT0101 (    GSAT0102 (    GSAT0103 (    GSAT0104 (    GSAT0201 (    GSAT0202 (    GSAT0203 (    GSAT0204 (    GSAT0205 (    GSAT0206 (    GSAT0209 (    GSAT0208 (    GSAT0211 (    GSAT0210 (    GSAT0207 (    GSAT0212 (    GSAT0213 (    GSAT0214 (    GSAT0215 (    GSAT0216 (    GSAT0217 (    GSAT0218 (    GSAT0221 (    GSAT0222 (    GSAT0219 (    GSAT0220 (  
          PRN E11)      PRN E12)      PRN E19)      PRN E20)      PRN E18)      PRN E14)      PRN E26)      PRN E22)      PRN E24)      PRN E30)      PRN E09)      PRN E08)      PRN E02)      PRN E01)      PRN E07)      PRN E03)      PRN E04)      PRN E05)      PRN E21)      PRN E25)      PRN E27)      PRN E31)      PRN E15)      PRN E33)      PRN E36)      PRN E13)  

00:00  -50.4  160.8  -17.6 -158.5  -54.8 -121.4  -40.8  -63.1   -1.7   -3.9  -22.2  154.1   50.3  -93.1  -17.8   46.1   41.1  130.1  -55.5   17.6    6.7  149.1   29.5   -2.8  -30.9   70.8   30.7 -109.0   -6.4  -30.4   53.9   50.6  -29.7  178.1   40.5  116.9   -5.6  -82.2    5.8   98.0  -40.9  -50.6   55.7 -163.5   18.0   21.0   19.5 -133.3  -51.0   87.3   50.2  -18.5
00:20  -45.6  166.3  -10.6 -158.5  -54.6 -111.7  -34.9  -60.2   -9.2   -2.7  -16.3  154.8   53.9  -85.5  -24.7   46.5   46.5  134.3  -53.0   26.6   -0.3  149.0   35.8   -0.9  -24.2   71.8   24.1 -108.0    0.5  -30.5   54.6   60.2  -35.9 -179.9   34.7  119.8  -12.6  -82.3   12.9   97.8  -46.4  -46.5   53.3 -154.4   11.0   21.0   26.3 -132.8  -54.5   95.1   45.3  -13.1
00:40  -39.9  170.0   -3.5 -158.7  -52.6 -102.6  -28.6  -58.4  -16.1   -1.7  -10.0  155.4   56.0  -76.1  -31.3   47.6   51.0  140.3  -49.1   33.7   -7.3  148.9   41.5    2.2  -17.4   72.2   17.2 -107.6    7.4  -30.5   53.6   69.6  -41.6 -176.8   28.4  121.6  -19.6  -82.2   19.8   98.0  -51.0  -40.7   49.5 -147.2    3.9   20.8   32.9 -131.6  -56.5  104.8   39.6   -9.5
01:00  -33.8  172.4    3.7 -159.0  -49.2  -95.3  -22.1  -57.4  -22.5   -0.5   -3.2  156.0   56.3  -65.8  -37.6   49.6   54.3  148.3  -44.2   38.8  -14.2  149.0   46.6    6.7  -10.4   72.2   10.2 -107.7   14.3  -30.4   51.0   77.9  -46.6 -172.2   21.9  122.6  -26.4  -81.6   26.6   98.6  -54.3  -32.7   44.6 -142.0   -3.2   20.4   39.2 -129.4  -56.6  115.2   33.4   -7.3
01:20  -27.2  173.7   10.7 -159.3  -44.6  -89.7  -15.3  -57.0  -28.4    1.0    4.0  156.9   54.7  -56.1  -43.5   52.8   56.0  157.9  -38.5   42.2  -21.0  149.3   50.8   13.0   -3.3   72.0    3.1 -107.9   21.1  -30.0   47.1   84.4  -50.7 -165.8   15.1  123.1  -33.0  -80.4   33.2   99.8  -56.1  -23.1   38.9 -138.5  -10.3   20.2   44.9 -125.9  -54.8  125.1   26.8   -6.0
01:40  -20.4  174.3   17.8 -159.3  -39.2  -85.9   -8.4  -56.9  -33.7    2.8   11.5  158.2   51.5  -47.9  -48.6   57.6   55.9  168.2  -32.3   44.4  -27.6  150.2   53.7   21.1    3.8   71.7   -4.0 -108.2   27.7  -29.0   42.1   89.2  -53.4 -157.7    8.3  123.2  -39.1  -78.1   39.3  102.1  -56.1  -12.8   32.7 -136.3  -17.4   20.1   49.9 -120.7  -51.4  133.1   20.0   -5.5
02:00  -13.4  174.5   24.6 -158.9  -33.2  -83.3   -1.4  -57.0  -38.4    5.2   19.3  160.3   47.0  -41.8  -52.7   64.4   53.9  177.6  -25.7   45.6  -33.9  151.8   54.9   30.5   10.9   71.5  -11.0 -108.4   34.0  -27.3   36.5   92.4  -54.6 -148.3    1.3  123.2  -44.8  -74.6   45.0  105.7  -54.2   -3.3   26.1 -135.0  -24.3   20.5   53.7 -113.4  -46.8  139.1   13.0   -5.4
02:20   -6.4  174.3   31.3 -157.8  -26.9  -81.8    5.6  -57.1  -42.4    8.2   27.3  163.6   41.6  -37.6  -55.4   73.1   50.4 -174.7  -18.9   46.1  -39.9  154.5   54.4   40.3   17.9   71.5  -18.0 -108.3   39.8  -24.6   30.4   94.5  -54.0 -138.7   -5.6  123.1  -49.7  -69.3   49.8  111.1  -50.7    4.5   19.3 -134.5  -31.0   21.4   56.1 -104.2  -41.3  143.1    5.9   -5.6
02:40    0.8  174.0   37.6 -155.9  -20.2  -81.0   12.5  -57.1  -45.7   12.0   35.0  168.7   35.6  -34.8  -56.4   83.2   45.7 -169.0  -11.9   46.2  -45.2  158.5   52.2   49.0   24.7   72.0  -24.9 -107.9   45.1  -20.5   23.9   95.7  -51.7 -130.1  -12.5  123.1  -53.5  -62.0   53.6  118.5  -46.0   10.3   12.3 -134.4  -37.3   23.2   56.7  -93.8  -35.2  145.7   -1.2   -6.0
03:00    7.9  173.7   43.5 -152.8  -13.4  -80.6   19.3  -56.8  -48.2   16.6   42.0  176.3   29.2  -33.2  -55.5   93.4   40.2 -165.1   -4.9   46.0  -49.7  164.3   48.6   56.1   31.3   73.1  -31.5 -106.8   49.5  -14.8   17.2   96.4  -48.1 -123.1  -19.3  123.5  -55.8  -52.8   55.8  127.7  -40.5   14.2    5.3 -134.6  -43.3   26.3   55.4  -83.7  -28.7  147.2   -8.3   -6.3
03:20   14.9  173.6   48.7 -148.0   -6.5  -80.6   26.0  -56.0  -49.9   21.8   47.5 -172.6   22.5  -32.4  -52.9  102.3   34.1 -162.7    2.2   45.8  -53.0  171.8   43.8   61.4   37.7   75.0  -37.8 -104.8   52.7   -7.2   10.4   96.6  -43.3 -118.0  -26.0  124.3  -56.3  -42.5   56.3  138.0  -34.5   16.8   -1.8 -134.8  -48.5   31.0   52.4  -75.1  -21.9  147.9  -15.4   -6.4
03:40   21.9  173.8   52.8 -141.2    0.5  -80.7   32.4  -54.6  -50.6   27.3   50.4 -158.3   15.6  -32.1  -48.8  109.2   27.6 -161.2    9.3   45.5  -54.7 -179.0   38.3   65.0   43.5   78.2  -43.6 -101.6   54.4    1.9    3.4   96.6  -37.8 -114.4  -32.3  125.7  -54.9  -32.6   54.9  147.9  -28.0   18.2   -8.9 -135.1  -52.7   37.6   48.1  -68.7  -14.9  148.1  -22.3   -6.2
04:00   28.6  174.5   55.6 -132.4    7.5  -80.8   38.5  -52.2  -50.3   32.8   49.8 -142.8    8.6  -32.2  -43.7  114.1   20.9 -160.5   16.3   45.5  -54.8 -169.2   32.3   67.3   48.6   83.1  -48.7  -96.7   54.4   11.5   -3.5   96.5  -31.8 -112.1  -38.3  128.2  -51.9  -24.3   51.8  156.2  -21.2   18.9  -15.9 -135.1  -55.6   46.4   42.8  -64.1   -7.9  148.0  -29.1   -5.4
04:20   35.1  176.1   56.6 -122.2   14.4  -80.7   43.9  -48.6  -49.1   38.1   45.8 -129.1    1.5  -32.4  -37.9  117.3   13.9 -160.3   23.2   45.9  -53.0 -160.0   25.9   68.7   52.7   89.9  -52.7  -89.9   52.7   20.6  -10.4   96.5  -25.4 -110.7  -43.8  131.9  -47.6  -17.9   47.4  162.5  -14.3   19.1  -22.8 -134.8  -56.8   56.6   36.8  -61.2   -0.7  147.7  -35.6   -3.9
04:40   41.2  178.7   55.7 -112.0   21.2  -80.3   48.6  -43.3  -47.0   42.7   39.4 -118.9   -5.6  -32.7  -31.7  119.4    6.9 -160.4   29.9   46.8  -49.8 -152.4   19.2   69.5   55.4   98.7  -55.4  -81.1   49.4   28.1  -17.3   96.7  -18.7 -109.9  -48.4  137.2  -42.3  -13.4   42.1  166.9   -7.3   19.0  -29.5 -134.0  -56.0   66.9   30.4  -59.5    6.4  147.4  -41.6   -1.2
05:00   46.7 -177.2   53.1 -103.1   27.8  -79.4   52.3  -36.2  -44.1   46.5   31.6 -111.8  -12.7  -32.9  -25.0  120.4   -0.1 -160.7   36.2   48.6  -45.3 -146.6   12.4   69.8   56.4  108.8  -56.4  -71.0   45.0   33.8  -24.0   97.4  -11.9 -109.6  -52.0  144.3  -36.4  -10.5   36.2  169.8   -0.2   18.8  -35.9 -132.3  -53.4   76.0   23.7  -58.6   13.5  147.2  -47.1    3.0
05:20   51.3 -171.3   49.0  -96.1   34.1  -77.8   54.4  -27.3  -40.6   49.6   23.2 -107.1  -19.6  -32.8  -18.2  120.9   -7.2 -160.9   42.2   51.5  -40.0 -142.5    5.4   69.8   55.4  118.9  -55.4  -60.8   39.7   37.9  -30.4   98.6   -5.0 -109.6  -54.1  153.0  -30.0   -8.7   29.8  171.5    6.9   18.5  -41.9 -129.5  -49.4   83.1   16.8  -58.3   20.4  147.3  -51.7    9.1
05:40   54.6 -163.3   44.0  -91.2   40.0  -75.1   54.9  -17.6  -36.5   51.9   14.7 -104.0  -26.4  -32.2  -11.2  120.9  -14.2 -161.1   47.4   55.9  -34.1 -139.8   -1.5   69.6   52.8  127.8  -52.7  -52.0   33.8   40.5  -36.6  100.7    1.9 -109.7  -54.6  162.7  -23.3   -7.8   23.1  172.4   14.0   18.4  -47.2 -125.1  -44.4   88.2    9.8  -58.4   27.3  147.9  -55.0   17.2
06:00   56.4 -153.5   38.2  -87.9   45.3  -71.0   53.6   -8.2  -31.9   53.7    6.4 -101.8  -33.0  -30.9   -4.1  120.7  -21.1 -160.8   51.8   62.3  -27.8 -138.1   -8.5   69.6   48.8  134.6  -48.7  -45.2   27.5   42.2  -42.2  104.0    8.9 -109.7  -53.3  172.0  -16.4   -7.5   16.2  172.7   20.9   18.6  -51.6 -118.9  -38.6   91.6    2.7  -58.6   33.8  149.2  -56.6   27.1
06:20   56.3 -143.1   31.9  -85.9   49.7  -65.2   50.7   -0.1  -26.7   54.9   -1.6 -100.3  -39.2  -28.7    3.0  120.5  -27.9 -160.1   54.8   70.7  -21.2 -137.2  -15.4   69.7   43.7  139.5  -43.6  -40.3   20.9   43.1  -47.1  108.7   15.7 -109.5  -50.4  179.9   -9.4   -7.5    9.2  172.7   27.7   19.3  -54.7 -110.7  -32.3   93.6   -4.5  -59.0   40.0  151.5  -56.4   37.6
06:40   54.3 -133.5   25.2  -84.8   53.0  -57.6   46.5    6.1  -21.2   55.8   -9.0  -99.1  -44.9  -25.1   10.0  120.2  -34.3 -158.7   56.2   80.5  -14.4 -136.8  -22.2   70.1   37.9  142.8  -37.8  -37.1   14.2   43.6  -51.0  115.3   22.5 -109.0  -46.2 -173.9   -2.4   -7.8    2.1  172.4   34.2   20.7  -56.2 -100.9  -25.6   94.7  -11.6  -59.2   45.7  155.2  -54.3   47.2
07:00   50.8 -125.7   18.4  -84.4   54.7  -48.5   41.4   10.6  -15.1   56.5  -16.0  -98.0  -49.7  -19.8   17.0  120.2  -40.4 -156.2   55.7   90.7   -7.5 -136.8  -28.8   71.1   31.6  144.8  -31.5  -35.1    7.3   43.7  -53.7  123.6   29.0 -107.9  -41.1 -169.4    4.7   -8.0   -5.0  172.1   40.3   23.2  -55.9  -90.6  -18.8   95.2  -18.6  -59.2   50.5  160.7  -50.7   54.9
07:20   46.1 -120.0   11.4  -84.4   54.7  -38.7   35.6   13.6   -8.7   57.1  -22.5  -96.8  -53.5  -12.4   23.9  120.6  -45.9 -152.2   53.4   99.9   -0.5 -136.9  -35.0   72.9   25.0  145.9  -24.9  -34.0    0.4   43.6  -54.6  133.1   35.2 -106.1  -35.4 -166.4   11.8   -8.2  -12.0  172.0   45.8   27.0  -53.7  -81.3  -11.8   95.2  -25.4  -58.8   54.2  168.3  -45.9   60.5
07:40   40.6 -116.1    4.3  -84.6   53.0  -29.5   29.4   15.5   -1.8   57.9  -28.4  -95.3  -55.8   -3.2   30.6  121.6  -50.5 -146.5   49.6  107.2    6.5 -136.9  -40.9   75.8   18.1  146.3  -18.0  -33.6   -6.6   43.6  -53.8  142.6   41.0 -103.1  -29.2 -164.5   18.8   -8.1  -19.0  172.0   50.5   32.7  -50.0  -73.8   -4.7   95.0  -32.1  -57.7   56.3  177.8  -40.3   64.3
08:00   34.5 -113.7   -2.8  -84.9   49.7  -22.0   22.8   16.6    5.5   58.8  -33.7  -93.4  -56.3    7.0   36.9  123.4  -54.0 -138.8   44.7  112.5   13.4 -136.9  -46.1   80.1   11.2  146.4  -11.0  -33.5  -13.5   43.6  -51.4  151.1   46.1  -98.7  -22.6 -163.4   25.6   -7.6  -25.8  172.6   54.0   40.4  -45.2  -68.4    2.5   94.6  -38.4  -55.7   56.7 -171.8  -34.1   66.7
08:20   27.9 -112.2   -9.9  -85.2   45.2  -16.2   16.1   17.1   13.1   60.3  -38.4  -91.0  -54.9   17.0   42.8  126.4  -55.9 -129.3   39.1  116.1   20.2 -136.6  -50.3   86.2    4.1  146.2   -4.0  -33.7  -20.3   44.0  -47.6  157.8   50.3  -92.5  -15.9 -162.8   32.2   -6.5  -32.4  173.8   56.0   49.9  -39.6  -64.7    9.6   94.3  -44.2  -52.4   55.1 -161.8  -27.5   68.0
08:40   21.2 -111.6  -16.9  -85.2   39.9  -12.2    9.2   17.2   21.0   62.7  -42.5  -87.9  -51.9   25.4   48.0  131.0  -56.0 -119.1   32.9  118.4   26.9 -135.8  -53.4   94.1   -3.0  145.9    3.1  -34.0  -26.9   44.9  -42.8  162.8   53.2  -84.6   -9.0 -162.7   38.4   -4.4  -38.6  175.9   56.2   60.2  -33.4  -62.3   16.6   94.3  -49.3  -47.4   51.9 -153.6  -20.7   68.6
09:00   14.2 -111.4  -23.8  -84.9   34.0   -9.5    2.2   17.1   29.0   66.3  -45.8  -84.1  -47.6   31.7   52.3  137.6  -54.3 -109.5   26.4  119.7   33.3 -134.2  -54.9  103.4  -10.1  145.7   10.2  -34.2  -33.2   46.5  -37.2  166.2   54.6  -75.3   -2.1 -162.7   44.2   -1.0  -44.3  179.3   54.5   69.9  -26.9  -61.0   23.5   94.6  -53.3  -40.4   47.4 -147.4  -13.8   68.7
09:20    7.2 -111.6  -30.5  -84.0   27.7   -7.9   -4.7   17.0   36.6   71.9  -48.3  -79.5  -42.3   36.2   55.2  146.1  -50.9 -101.5   19.6  120.2   39.2 -131.7  -54.6  113.2  -17.1  145.7   17.2  -34.2  -39.1   49.0  -31.1  168.4   54.2  -65.7    4.8 -162.8   49.2    4.1  -49.3 -175.5   51.2   77.9  -20.1  -60.4   30.3   95.4  -55.9  -31.3   42.0 -143.1   -6.7   68.6
09:40    0.1 -111.9  -36.8  -82.2   21.0   -7.0  -11.7   17.0   43.4   80.3  -49.9  -74.3  -36.3   39.1   56.4  156.2  -46.4  -95.6   12.6  120.4   44.6 -127.8  -52.6  122.1  -23.9  146.0   24.1  -33.9  -44.5   52.9  -24.7  169.7   52.1  -56.9   11.7 -162.7   53.1   11.2  -53.2 -168.4   46.6   83.9  -13.2  -60.3   36.7   97.2  -56.8  -21.0   35.9 -140.4    0.5   68.2
10:00   -7.0 -112.2  -42.8  -79.2   14.2   -6.6  -18.5   17.3   48.4   92.2  -50.6  -68.7  -29.9   40.8   55.7  166.4  -41.0  -91.5    5.6  120.2   49.2 -122.3  -49.1  129.5  -30.6  147.0   30.7  -32.9  -49.0   58.5  -18.0  170.4   48.6  -49.8   18.6 -162.5   55.6   20.2  -55.6 -159.4   41.2   88.0   -6.1  -60.4   42.6  100.1  -55.7  -10.7   29.5 -138.8    7.6   67.9
10:20  -14.1 -112.3  -48.0  -74.6    7.3   -6.5  -25.2   17.9   50.6  107.1  -50.3  -63.2  -23.2   41.7   53.2  175.4  -34.9  -88.9   -1.5  120.0   52.7 -114.9  -44.4  134.9  -36.9  148.8   37.1  -31.0  -52.4   65.9  -11.2  170.7   43.9  -44.4   25.2 -161.7   56.3   30.4  -56.3 -149.2   35.2   90.7    1.0  -60.7   48.0  104.5  -52.8   -2.0   22.7 -138.0   14.6   67.8
10:40  -21.0 -112.2  -52.3  -68.1    0.4   -6.6  -31.7   19.3   49.1  122.4  -49.1  -57.9  -16.4   42.0   49.3 -177.4  -28.5  -87.3   -8.5  119.7   54.6 -105.9  -39.0  138.7  -42.8  151.9   42.9  -27.9  -54.3   74.8   -4.2  170.7   38.5  -40.7   31.6 -160.3   55.2   40.4  -55.1 -139.2   28.7   92.2    8.1  -60.9   52.3  111.0  -48.6    4.8   15.8 -137.8   21.6   67.9
11:00  -27.8 -111.5  -55.3  -59.6   -6.6   -6.7  -37.8   21.5   44.5  135.3  -47.0  -53.4   -9.3   42.0   44.4 -172.3  -21.8  -86.6  -15.5  119.7   54.9  -96.1  -33.0  141.2  -48.0  156.5   48.1  -23.3  -54.5   84.5    2.7  170.6   32.5  -38.2   37.7 -158.0   52.3   49.0  -52.2 -130.6   22.0   93.0   15.1  -61.0   55.4  119.5  -43.4    9.5    8.7 -137.9   28.4   68.6
11:20  -34.3 -110.1  -56.6  -49.5  -13.5   -6.7  -43.3   25.0   37.7  144.8  -44.1  -49.5   -2.3   41.8   38.7 -168.8  -14.9  -86.3  -22.4  120.0   53.3  -86.8  -26.6  142.7  -52.2  163.0   52.3  -16.7  -52.9   93.6    9.6  170.6   26.2  -36.7   43.2 -154.5   48.1   55.6  -48.0 -124.1   15.1   93.3   22.0  -60.8   56.7  129.5  -37.5   12.6    1.6 -138.2   34.9   70.1
11:40  -40.5 -107.7  -55.9  -39.2  -20.4   -6.3  -48.1   30.1   29.7  151.2  -40.6  -46.5    4.8   41.5   32.4 -166.7   -7.8  -86.4  -29.1  120.8   50.2  -79.0  -20.0  143.5  -55.1  171.6   55.2   -8.1  -49.9  101.4   16.5  170.8   19.6  -35.9   48.0 -149.4   42.9   60.3  -42.8 -119.4    8.1   93.2   28.7  -60.0   56.2  139.9  -31.2   14.5   -5.5 -138.5   41.0   72.6
12:00  -46.0 -103.8  -53.5  -30.0  -27.0   -5.5  -51.9   37.0   21.3  155.5  -36.5  -44.2   11.9   41.3   25.8 -165.5   -0.8  -86.6  -35.5  122.4   45.9  -73.0  -13.2  143.9  -56.3 -178.4   56.3    2.0  -45.5  107.3   23.2  171.4   12.8  -35.6   51.7 -142.5   37.1   63.4  -36.9 -116.4    1.0   92.9   35.2  -58.4   53.8  149.2  -24.5   15.5  -12.6 -138.7   46.5   76.6
12:20  -50.7  -98.1  -49.6  -22.8  -33.4   -3.9  -54.3   45.7   12.8  158.3  -31.8  -42.5   18.9   41.4   19.0 -165.0    6.3  -86.9  -41.5  125.2   40.7  -68.8   -6.2  143.9  -55.7 -168.2   55.6   12.2  -40.4  111.6   29.7  172.6    5.9  -35.5   54.0 -133.9   30.7   65.2  -30.6 -114.6   -6.1   92.7   41.2  -55.7   50.0  156.6  -17.6   15.9  -19.6 -138.7   51.2   82.5
12:40  -54.3  -90.4  -44.6  -17.6  -39.3   -1.4  -55.0   55.4    4.6  160.3  -26.7  -41.2   25.7   41.9   12.0 -164.9   13.4  -87.0  -46.9  129.4   34.8  -65.9    0.8  143.8  -53.2 -159.2   53.1   21.2  -34.5  114.4   35.9  174.6   -1.1  -35.6   54.6 -124.4   24.1   66.2  -23.9 -113.6  -13.1   92.5   46.6  -51.6   45.0  161.8  -10.5   15.8  -26.4 -138.2   54.7   90.4
13:00  -56.3  -80.8  -38.9  -14.1  -44.7    2.5  -53.8   64.9   -3.2  161.7  -21.1  -40.4   32.3   43.1    5.0 -165.1   20.3  -86.8  -51.3  135.5   28.6  -64.2    7.7  143.7  -49.3 -152.0   49.2   28.3  -28.3  116.2   41.6  177.7   -8.0  -35.6   53.5 -114.9   17.2   66.6  -17.0 -113.2  -20.1   92.7   51.2  -45.6   39.3  165.3   -3.4   15.6  -33.0 -137.0   56.5  100.1
13:20  -56.4  -70.4  -32.7  -12.0  -49.3    8.1  -51.1   73.2  -10.5  162.9  -15.1  -39.7   38.5   45.2   -2.1 -165.4   27.1  -86.1  -54.5  143.6   22.0  -63.2   14.6  143.8  -44.4 -146.9   44.2   33.4  -21.7  117.2   46.6 -177.7  -14.9  -35.5   50.8 -106.8   10.2   66.6  -10.0 -113.2  -26.9   93.3   54.5  -37.6   33.1  167.5    3.7   15.2  -39.3 -134.8   56.5  110.6
13:40  -54.7  -60.6  -26.0  -10.8  -52.7   15.5  -47.1   79.6  -17.4  164.0   -8.7  -39.1   44.3   48.6   -9.2 -165.6   33.6  -84.8  -56.1  153.3   15.2  -62.8   21.4  144.2  -38.6 -143.5   38.5   36.8  -14.9  117.7   50.7 -171.4  -21.7  -35.0   46.7 -100.4    3.2   66.4   -3.0 -113.4  -33.4   94.6   56.2  -27.9   26.5  168.7   10.8   15.0  -45.0 -131.3   54.6  120.3
14:00  -51.3  -52.6  -19.2  -10.3  -54.6   24.5  -42.0   84.3  -23.7  165.2   -1.8  -38.4   49.2   53.7  -16.2 -165.7   39.7  -82.4  -55.8  163.6    8.3  -62.7   28.0  145.1  -32.4 -141.3   32.2   38.9   -8.1  117.8   53.4 -163.3  -28.2  -34.0   41.8  -95.7   -3.9   66.1    4.1 -113.7  -39.6   96.9   56.0  -17.6   19.6  169.2   17.8   14.9  -49.9 -126.0   51.2  128.2
14:20  -46.8  -46.6  -12.2  -10.2  -54.8   34.3  -36.3   87.5  -29.4  166.7    5.4  -37.5   53.2   60.8  -23.1 -165.4   45.3  -78.6  -53.8  172.9    1.3  -62.7   34.4  146.8  -25.8 -140.1   25.6   40.0   -1.1  117.8   54.6 -153.9  -34.5  -32.2   36.1  -92.6  -11.0   65.9   11.2 -113.9  -45.2  100.6   54.0   -8.2   12.6  169.3   24.7   15.3  -53.8 -118.7   46.5  134.1
14:40  -41.3  -42.5   -5.1  -10.4  -53.2   43.6  -30.1   89.5  -34.6  168.6   13.0  -36.0   55.6   69.8  -29.8 -164.5   50.1  -73.1  -50.2 -179.5   -5.6  -62.9   40.2  149.6  -19.0 -139.6   18.8   40.5    5.8  117.7   54.0 -144.3  -40.3  -29.4   29.9  -90.5  -18.0   66.0   18.2 -113.9  -50.0  106.0   50.5   -0.5    5.6  169.1   31.4   16.3  -56.2 -109.4   41.0  138.0
15:00  -35.2  -39.8    2.0  -10.7  -50.1   51.4  -23.6   90.6  -39.2  171.1   20.8  -33.7   56.4   80.0  -36.2 -162.8   53.7  -65.6  -45.4 -174.0  -12.6  -62.8   45.5  153.7  -12.0 -139.5   11.8   40.6   12.7  117.8   51.7 -135.7  -45.5  -25.2   23.4  -89.4  -24.8   66.4   25.0 -113.4  -53.7  113.5   45.8    5.2   -1.6  168.7   37.7   18.2  -56.7  -99.0   34.9  140.6
15:20  -28.8  -38.3    9.1  -11.0  -45.8   57.4  -16.9   91.2  -43.1  174.3   28.8  -30.2   55.2   90.0  -42.1 -159.9   55.8  -56.2  -39.9 -170.2  -19.4  -62.6   49.9  159.6   -5.0 -139.7    4.8   40.4   19.5  118.1   48.1 -128.7  -49.8  -19.3   16.7  -88.8  -31.4   67.5   31.6 -112.3  -55.9  122.8   40.3    9.1   -8.7  168.4   43.6   21.4  -55.4  -88.9   28.4  142.0
15:40  -22.0  -37.5   16.1  -11.1  -40.5   61.6  -10.0   91.3  -46.3  178.3   36.4  -24.7   52.3   98.6  -47.5 -155.5   56.1  -46.0  -33.7 -167.8  -26.1  -61.8   53.1  167.3    2.1 -140.0   -2.3   40.1   26.2  118.9   43.3 -123.6  -52.9  -11.5    9.9  -88.6  -37.7   69.5   37.9 -110.3  -56.2  133.0   34.2   11.6  -15.7  168.3   48.8   26.1  -52.3  -80.3   21.6  142.7
16:00  -15.1  -37.3   23.1  -10.8  -34.7   64.4   -3.0   91.3  -48.6 -177.0   43.2  -16.4   48.1  105.2  -51.8 -149.2   54.5  -36.2  -27.2 -166.4  -32.5  -60.4   54.8  176.5    9.2 -140.2   -9.4   39.9   32.5  120.4   37.9 -120.0  -54.5   -2.3    3.0  -88.6  -43.5   72.7   43.7 -107.0  -54.8  142.9   27.7   13.0  -22.7  168.6   53.0   32.9  -47.9  -73.9   14.6  142.8
16:20   -8.0  -37.4   29.8   -9.9  -28.4   66.1    3.9   91.2  -50.1 -171.8   48.3   -4.7   42.9  109.8  -54.9 -140.8   51.4  -28.1  -20.5 -165.7  -38.5  -58.0   54.7 -173.7   16.2 -140.3  -16.4   39.9   38.5  122.9   31.8 -117.6  -54.3    7.3   -4.0  -88.7  -48.6   77.6   48.8 -102.1  -51.6  151.1   20.9   13.7  -29.4  169.3   55.7   41.8  -42.6  -69.4    7.5  142.7
16:40   -0.9  -37.7   36.2   -8.2  -21.8   67.1   10.9   91.1  -50.6 -166.2   50.6   10.0   37.1  112.9  -56.3 -130.9   46.9  -21.9  -13.5 -165.6  -44.0  -54.3   52.9 -164.7   23.1 -139.9  -23.3   40.2   43.9  126.6   25.4 -116.2  -52.4   16.3  -10.9  -88.7  -52.7   84.4   52.8  -95.2  -47.2  157.3   14.0   13.9  -35.9  170.9   56.8   52.0  -36.6  -66.5    0.4  142.4
17:00    6.2  -38.0   42.2   -5.4  -15.0   67.5   17.7   91.3  -50.1 -160.7   49.3   25.4   30.7  114.7  -55.9 -120.7   41.5  -17.7   -6.5 -165.7  -48.7  -49.0   49.5 -157.1   29.8 -139.0  -30.0   41.1   48.6  132.0   18.8 -115.5  -49.0   23.6  -17.7  -88.4  -55.4   93.2   55.4  -86.3  -41.9  161.7    7.0   13.7  -41.9  173.7   55.9   62.3  -30.2  -64.8   -6.7  142.0
17:20   13.3  -38.2   47.5   -1.0   -8.1   67.6   24.5   92.0  -48.7 -155.6   44.7   38.5   24.1  115.7  -53.6 -111.4   35.6  -14.9    0.6 -165.9  -52.3  -41.9   45.0 -151.5   36.2 -137.3  -36.3   42.9   52.1  139.1   12.0 -115.2  -44.5   29.2  -24.4  -87.7  -56.3  103.3   56.3  -76.2  -35.9  164.5   -0.1   13.5  -47.3  177.9   53.2   71.3  -23.5  -63.9  -13.8  141.9
17:40   20.3  -38.0   51.9    5.3   -1.1   67.6   30.9   93.2  -46.5 -151.1   38.0   48.1   17.2  116.1  -49.9 -104.0   29.2  -13.3    7.7 -166.2  -54.5  -33.0   39.7 -147.5   42.2 -134.4  -42.3   45.8   54.2  147.9    5.1 -115.2  -39.2   33.1  -30.9  -86.5  -55.4  113.4   55.3  -66.1  -29.5  166.2   -7.2   13.2  -51.8 -175.9   49.2   78.3  -16.6  -63.6  -20.7  142.0
18:00   27.1  -37.5   55.1   13.6    5.8   67.4   37.1   95.3  -43.5 -147.4   30.0   54.6   10.2  116.1  -45.0  -98.7   22.5  -12.4   14.7 -166.3  -54.9  -23.3   33.7 -144.9   47.5 -130.0  -47.6   50.2   54.6  157.5   -1.9 -115.2  -33.2   35.7  -37.0  -84.3  -52.7  122.2   52.6  -57.4  -22.8  167.1  -14.3   13.1  -55.1 -167.6   44.1   83.2   -9.5  -63.7  -27.5  142.6
18:20   33.6  -36.1   56.5   23.6   12.8   67.5   42.7   98.7  -39.9 -144.5   21.5   59.0    3.1  115.9  -39.4  -95.1   15.6  -12.1   21.6 -166.0  -53.6  -13.8   27.4 -143.3   51.8 -123.7  -51.9   56.6   53.2  166.8   -8.8 -115.3  -26.9   37.3  -42.6  -80.9  -48.7  129.0   48.5  -50.6  -15.9  167.4  -21.2   13.3  -56.7 -157.7   38.3   86.5   -2.4  -64.0  -34.1  143.9
18:40   39.8  -33.8   56.1   33.9   19.6   67.8   47.6  103.5  -35.7 -142.3   13.1   61.9   -4.0  115.6  -33.2  -92.8    8.6  -12.2   28.3 -165.2  -50.7   -5.8   20.8 -142.4   54.9 -115.3  -54.9   64.9   50.3  174.7  -15.7 -115.1  -20.3   38.2  -47.4  -76.0  -43.6  133.9   43.4  -45.8   -8.9  167.3  -27.9   14.0  -56.3 -147.2   32.0   88.4    4.7  -64.3  -40.3  146.3
19:00   45.5  -30.1   53.8   43.3   26.2   68.5   51.5  110.2  -30.9 -140.7    4.8   63.9  -11.0  115.4  -26.6  -91.5    1.5  -12.4   34.8 -163.7  -46.5    0.5   14.0 -142.0   56.3 -105.4  -56.3   74.8   46.1 -179.1  -22.4 -114.6  -13.5   38.6  -51.3  -69.3  -37.8  137.2   37.6  -42.6   -1.8  167.1  -34.4   15.5  -54.2 -137.7   25.3   89.5   11.8  -64.6  -45.9  150.1
19:20   50.3  -24.6   50.1   50.7   32.6   70.0   54.1  118.7  -25.7 -139.5   -3.0   65.4  -18.0  115.4  -19.8  -90.9   -5.6  -12.7   40.8 -161.1  -41.3    4.9    7.1 -142.0   55.8  -95.1  -55.8   85.1   41.0 -174.7  -28.9 -113.5   -6.6   38.6  -53.8  -60.9  -31.5  139.2   31.3  -40.6    5.3  166.8  -40.5   18.0  -50.5 -130.1   18.4   89.9   18.8  -64.5  -50.7  155.7
19:40   54.0  -17.1   45.2   56.1   38.7   72.4   55.0  128.3  -20.0 -138.6  -10.4   66.5  -24.9  115.9  -12.9  -90.8  -12.6  -12.8   46.3 -157.0  -35.5    7.9    0.1 -142.1   53.6  -85.9  -53.5   94.3   35.2 -171.7  -35.2 -111.7    0.3   38.6  -54.6  -51.4  -24.9  140.3   24.7  -39.5   12.3  166.6  -46.0   21.9  -45.6 -124.6   11.4   89.9   25.7  -64.1  -54.3  163.4
20:00   56.1   -7.7   39.6   59.7   44.1   76.1   54.1  137.9  -13.9 -138.0  -17.3   67.7  -31.5  116.9   -5.8  -91.0  -19.5  -12.7   50.9 -151.1  -29.3    9.8   -6.9 -142.2   49.8  -78.6  -49.7  101.6   29.0 -169.9  -40.9 -108.7    7.3   38.5  -53.7  -41.9  -18.1  140.7   17.8  -39.1   19.3  166.7  -50.7   27.7  -40.0 -120.9    4.3   89.7   32.3  -63.0  -56.4  172.9
20:20   56.5    2.7   33.4   62.0   48.8   81.5   51.5  146.4   -7.4 -137.3  -23.7   68.9  -37.8  118.9    1.3  -91.2  -26.3  -12.1   54.2 -143.2  -22.7   10.9  -13.8 -142.1   44.9  -73.2  -44.9  106.9   22.5 -168.8  -46.0 -104.3   14.1   38.6  -51.2  -33.5  -11.1  140.7   10.8  -39.1   26.1  167.3  -54.1   35.4  -33.8 -118.5   -2.8   89.3   38.6  -60.9  -56.6 -176.6
20:40   54.9   12.6   26.8   63.2   52.4   88.7   47.6  153.1   -0.4 -136.6  -29.5   70.4  -43.6  122.2    8.4  -91.5  -32.9  -10.8   56.0 -133.6  -16.0   11.3  -20.6 -141.8   39.3  -69.6  -39.2  110.5   15.8 -168.3  -50.2  -98.2   20.9   39.0  -47.3  -26.9   -4.0  140.5    3.8  -39.3   32.7  168.5  -56.1   45.0  -27.2 -117.2   -9.9   89.1   44.4  -57.6  -55.0 -166.7
21:00   51.8   20.9   20.0   63.8   54.5   97.5   42.7  157.9    6.9 -135.5  -34.7   72.4  -48.7  127.0   15.4  -91.6  -39.0   -8.6   55.9 -123.4   -9.1   11.5  -27.2 -140.9   33.1  -67.3  -33.0  112.8    8.9 -168.1  -53.2  -90.3   27.5   40.0  -42.4  -22.1    3.1  140.3   -3.3  -39.6   38.9  170.7  -56.1   55.3  -20.4 -116.6  -16.9   89.0   49.5  -52.5  -51.7 -158.5
21:20   47.3   27.0   13.0   63.9   54.9  107.3   37.0  161.3   14.6 -133.9  -39.3   74.9  -52.8  133.9   22.3  -91.3  -44.7   -5.1   54.1 -113.8   -2.1   11.4  -33.6 -139.4   26.6  -66.1  -26.4  114.0    2.0 -168.1  -54.6  -81.0   33.8   41.6  -36.8  -18.7   10.1  140.0  -10.4  -39.8   44.6  174.2  -54.4   64.9  -13.4 -116.5  -23.8   89.3   53.4  -45.4  -47.1 -152.4
21:40   41.9   31.3    6.0   63.7   53.5  116.7   30.9  163.4   22.5 -131.3  -43.2   78.2  -55.4  142.7   29.0  -90.5  -49.6    0.2   50.6 -106.1    4.9   11.3  -39.5 -136.8   19.8  -65.5  -19.6  114.6   -5.0 -168.2  -54.2  -71.3   39.7   44.3  -30.6  -16.6   17.1  140.0  -17.4  -39.8   49.5  179.4  -51.0   72.9   -6.3 -116.7  -30.6   90.2   56.0  -36.3  -41.7 -148.2
22:00   35.9   34.1   -1.1   63.4   50.6  124.7   24.4  164.6   30.5 -127.4  -46.4   82.2  -56.4  152.8   35.5  -88.9  -53.3    7.5   46.0 -100.3   11.8   11.3  -44.9 -132.8   12.8  -65.4  -12.7  114.7  -11.9 -168.2  -52.1  -62.5   45.0   48.4  -24.2  -15.3   24.0  140.4  -24.2  -39.4   53.3 -173.3  -46.4   78.8    0.8 -117.1  -37.0   92.0   56.8  -26.0  -35.6 -145.5
22:20   29.5   35.7   -8.2   63.1   46.4  130.8   17.7  165.2   38.0 -121.3  -48.7   86.9  -55.4  163.0   41.5  -86.2  -55.6   16.6   40.5  -96.3   18.7   11.5  -49.4 -127.2    5.8  -65.5   -5.6  114.6  -18.7 -167.9  -48.6  -55.4   49.4   54.1  -17.5  -14.7   30.7  141.4  -30.9  -38.4   55.7 -164.2  -41.0   82.8    7.9 -117.4  -42.9   94.9   55.6  -15.8  -29.1 -144.0
22:40   22.8   36.6  -15.3   63.0   41.2  135.3   10.8  165.4   44.6 -112.3  -50.1   92.2  -52.7  171.8   46.9  -82.0  -56.2   26.8   34.4  -93.8   25.4   12.2  -52.8 -119.7   -1.3  -65.8    1.5  114.3  -25.3 -167.1  -44.0  -50.0   52.6   61.6  -10.7  -14.5   37.0  143.3  -37.2  -36.5   56.3 -154.0  -34.9   85.4   15.0 -117.5  -48.2   99.5   52.7   -7.1  -22.3 -143.2
23:00   15.9   36.8  -22.2   63.2   35.4  138.2    3.9  165.4   49.1  -99.7  -50.6   97.8  -48.7  178.6   51.4  -75.9  -54.8   36.6   27.9  -92.3   31.8   13.6  -54.7 -110.6   -8.4  -66.1    8.5  114.0  -31.7 -165.7  -38.5  -46.2   54.4   70.7   -3.7  -14.5   42.9  146.3  -43.1  -33.4   55.0 -144.0  -28.5   87.0   21.9 -117.3  -52.5  106.0   48.5   -0.4  -15.4 -143.0
23:20    8.8   36.7  -28.9   64.0   29.2  140.1   -3.1  165.3   50.6  -84.5  -50.1  103.3  -43.6 -176.5   54.6  -67.8  -51.9   45.0   21.2  -91.6   37.9   15.9  -54.8 -100.8  -15.4  -66.1   15.6  114.0  -37.8 -163.4  -32.6  -43.8   54.4   80.3    3.2  -14.5   48.1  151.0  -48.2  -28.7   52.1 -135.6  -21.7   87.7   28.7 -116.6  -55.5  114.6   43.3    4.3   -8.3 -143.1
23:40    1.7   36.5  -35.4   65.6   22.6  141.1  -10.1  165.2   48.5  -69.5  -48.7  108.4  -37.8 -173.3   56.2  -58.0  -47.6   51.4   14.3  -91.4   43.4   19.4  -53.2  -91.6  -22.3  -65.9   22.5  114.2  -43.3 -159.9  -26.2  -42.3   52.7   89.4   10.1  -14.5   52.3  157.6  -52.4  -22.0   47.8 -129.1  -14.8   88.0   35.2 -115.1  -56.7  124.8   37.4    7.3   -1.2 -143.4
