Observer: RMA
     lat: 50:50:38.5
     lon: 4:23:34.5
    date: 2020/04/01

        GPS BIIR-2    GPS BIIR-3    GPS BIIR-4    GPS BIIR-5    GPS BIIR-6    GPS BIIR-8    GPS BIIR-9    GPS BIIR-1    GPS BIIR-1    GPS BIIR-1    GPS BIIR-1    GPS BIIRM-    GPS BIIRM-    GPS BIIRM-    GPS BIIRM-    GPS BIIRM-    GPS BIIRM-    GPS BIIRM-    GPS BIIF-1    GPS BIIF-2    GPS BIIF-3    GPS BIIF-4    GPS BIIF-5    GPS BIIF-6    GPS BIIF-7    GPS BIIF-8    GPS BIIF-9    GPS BIIF-1    GPS BIIF-1    GPS BIIF-1    GPS BIII-1  
          (PRN 13)      (PRN 11)      (PRN 20)      (PRN 28)      (PRN 14)      (PRN 16)      (PRN 21)    0 (PRN 22)    1 (PRN 19)    2 (PRN 23)    3 (PRN 02)    1 (PRN 17)    2 (PRN 31)    3 (PRN 12)    4 (PRN 15)    5 (PRN 29)    6 (PRN 07)    8 (PRN 05)      (PRN 25)      (PRN 01)      (PRN 24)      (PRN 27)      (PRN 30)      (PRN 06)      (PRN 09)      (PRN 03)      (PRN 26)    0 (PRN 08)    1 (PRN 10)    2 (PRN 32)      (PRN 04)  

00:00  -48.2 -132.3   -7.4   29.3  -33.4  131.9   -3.6  -62.2   53.6  102.9  -38.9   82.4  -53.3  154.0   50.5   40.6   53.1  -66.6   12.1   -2.3   20.7 -118.4   42.5  -44.2   34.8   81.0   56.0 -161.8  -35.7 -163.3   -4.2  171.2  -52.5  -17.0  -35.5 -102.1   45.4  154.7   26.4   31.1   20.9 -149.6  -53.4   54.9  -50.4  -65.6   39.5  -96.3   -8.3  -16.8   54.5    6.0  -15.0   97.1  -37.7   21.2   -8.8  116.2   42.1  130.1   14.5    2.4
00:20  -52.6 -123.4  -15.3   30.7  -40.1  136.2  -11.9  -61.5   50.1  112.8  -31.5   85.9  -49.5  164.9   46.3   49.0   48.2  -57.4   19.9   -1.1   28.3 -116.6   35.7  -40.2   41.7   85.5   55.5 -148.7  -41.9 -158.6    4.2  171.8  -48.4   -7.4  -28.2  -99.0   50.7  162.8   18.4   32.6   13.1 -148.2  -55.8   66.5  -53.2  -54.9   46.0  -90.8   -0.2  -15.9   55.3   18.4   -6.9   98.3  -44.3   26.2  -17.1  117.2   35.4  134.7   22.5    3.8
00:40  -55.1 -112.0  -22.9   32.6  -45.9  142.4  -20.1  -60.4   45.0  120.3  -23.7   88.1  -44.0  173.0   40.7   55.3   42.0  -51.0   27.3    0.8   35.4 -113.8   28.2  -37.5   47.7   92.1   52.5 -137.1  -47.2 -152.0   12.5  172.4  -42.8   -0.4  -20.4  -97.0   54.2  173.6   10.3   33.5    5.2 -147.2  -55.7   79.2  -53.7  -43.0   51.3  -83.0    8.0  -15.1   53.5   30.5    1.3   99.2  -49.8   33.4  -25.1  118.9   28.0  137.7   30.2    6.0
01:00  -55.2  -99.5  -30.2   35.2  -50.4  150.9  -28.1  -58.6   38.7  125.6  -15.5   89.4  -37.2  178.6   34.3   59.8   34.8  -46.7   34.4    3.5   42.0 -109.6   20.3  -35.9   52.1  101.2   47.6 -128.3  -51.0 -143.2   20.7  173.5  -36.2    4.4  -12.4  -95.7   55.4 -173.8    2.1   34.1   -2.7 -146.3  -53.2   90.9  -51.9  -31.7   54.8  -72.4   16.0  -14.0   49.7   40.5    9.5  100.1  -53.7   43.3  -32.8  121.4   20.2  139.6   37.4    9.3
01:20  -52.9  -88.0  -36.9   39.0  -53.0  161.5  -35.8  -55.6   31.6  129.1   -7.1   90.3  -29.7 -177.7   27.1   62.8   27.1  -44.1   41.0    7.7   47.6 -103.5   12.2  -35.0   54.6  112.7   41.3 -122.2  -53.0 -132.5   28.6  175.2  -29.0    7.6   -4.2  -94.7   53.9 -161.4   -6.1   34.6  -10.6 -145.4  -48.7  100.0  -48.0  -22.3   56.1  -59.8   23.9  -12.4   44.2   47.8   17.6  101.4  -55.5   55.4  -39.9  125.3   12.1  140.9   44.0   14.3
01:40  -48.5  -78.8  -42.8   44.3  -53.3  173.2  -42.9  -51.0   24.0  131.5    1.4   91.0  -21.8 -175.3   19.6   64.8   19.0  -42.4   46.6   13.7   51.9  -95.1    3.9  -34.3   54.6  125.0   34.2 -118.1  -52.8 -121.2   36.2  178.0  -21.3    9.6    4.0  -93.8   50.2 -151.0  -14.2   35.2  -18.4 -144.2  -42.7  106.6  -42.6  -15.3   54.8  -47.3   31.5  -10.0   37.6   52.8   25.5  103.2  -54.8   68.0  -46.2  131.2    4.0  141.8   49.4   21.6
02:00  -42.7  -72.2  -47.6   51.5  -51.4 -175.8  -49.0  -44.0   16.1  133.0    9.8   91.8  -13.6 -173.7   11.8   66.2   10.8  -41.4   50.9   22.0   54.4  -84.5   -4.5  -33.7   52.2  136.4   26.5 -115.6  -50.4 -110.7   43.2 -177.6  -13.4   10.9   12.2  -92.8   44.9 -143.3  -22.2   36.3  -26.0 -142.4  -35.7  111.0  -36.2  -10.3   51.2  -36.8   38.6   -6.3   30.3   56.2   33.0  106.0  -51.7   79.0  -51.3  139.5   -4.3  142.6   53.2   31.5
02:20  -35.9  -67.7  -50.9   60.6  -47.6 -166.6  -53.5  -34.1    8.0  134.0   18.2   92.9   -5.3 -172.6    3.9   67.3    2.5  -40.8   53.5   32.4   54.8  -72.9  -12.8  -33.0   47.9  145.5   18.5 -114.0  -46.2 -102.2   49.2 -171.0   -5.4   11.8   20.3  -91.5   38.3 -138.0  -29.9   38.1  -33.2 -139.7  -28.2  113.8  -29.1   -7.0   45.9  -29.0   44.9   -0.8   22.6   58.3   39.9  110.1  -46.7   87.4  -54.4  150.5  -12.5  143.6   54.9   43.3
02:40  -28.5  -64.7  -52.3   71.2  -42.2 -159.8  -55.9  -21.5   -0.3  134.8   26.4   94.6    2.9 -171.7   -4.1   68.2   -5.9  -40.2   53.9   44.0   52.8  -61.8  -21.1  -31.9   42.2  152.0   10.4 -113.1  -40.6  -95.9   53.7 -161.6    2.6   12.5   28.1  -89.4   31.1 -134.5  -37.2   41.1  -39.8 -135.6  -20.2  115.6  -21.6   -4.8   39.4  -23.6   50.0    7.0   14.6   59.6   46.0  116.2  -40.4   93.4  -55.3  162.9  -20.6  144.9   54.2   55.6
03:00  -20.7  -62.9  -51.5   81.9  -35.9 -154.9  -55.5   -8.0   -8.6  135.6   34.2   97.3   11.1 -170.7  -12.1   69.3  -14.1  -39.5   52.1   55.0   49.0  -52.8  -29.1  -30.0   35.5  156.4    2.1 -112.4  -34.1  -91.4   56.2 -149.5   10.5   13.2   35.5  -86.2   23.4 -132.3  -43.9   45.6  -45.6 -129.8  -11.9  116.7  -13.8   -3.3   32.2  -20.1   53.4   17.3    6.5   60.5   50.7  124.6  -33.3   97.3  -53.6  175.0  -28.4  146.9   51.2   66.4
03:20  -12.6  -61.7  -48.8   91.5  -28.8 -151.6  -52.5    4.0  -16.8  136.7   41.5  101.5   19.1 -169.5  -19.9   70.8  -22.2  -38.3   48.3   64.2   43.7  -46.0  -36.8  -26.9   28.2  159.3   -6.2 -111.9  -26.9  -88.2   56.1 -136.5   18.4   14.3   42.3  -81.5   15.4 -130.9  -49.6   52.3  -50.1 -121.7   -3.5  117.5   -5.8   -2.3   24.5  -17.9   54.6   29.4   -1.7   61.2   53.6  135.4  -25.6   99.9  -49.7 -175.0  -35.8  150.1   46.3   74.7
03:40   -4.4  -60.8  -44.4   99.1  -21.4 -149.4  -47.4   13.1  -24.8  138.4   47.8  107.8   26.8 -167.7  -27.5   73.0  -30.0  -36.5   42.9   71.2   37.3  -41.3  -43.8  -22.1   20.6  161.2  -14.3 -111.2  -19.2  -86.1   53.5 -124.6   26.0   15.9   48.0  -74.6    7.3 -130.0  -53.8   61.7  -53.0 -111.4    4.9  118.2    2.2   -1.4   16.5  -16.6   53.3   41.3   -9.9   61.9   54.2  147.4  -17.6  101.5  -44.3 -167.6  -42.5  154.8   40.2   80.6
04:00    3.9  -60.1  -38.9  104.8  -13.6 -147.9  -41.0   19.5  -32.6  141.1   52.7  116.9   34.1 -165.1  -34.7   76.2  -37.4  -33.5   36.5   76.1   30.2  -38.1  -49.8  -14.9   12.7  162.4  -22.3 -110.0  -11.3  -84.6   48.8 -115.4   33.3   18.4   52.2  -65.2   -0.8 -129.4  -55.9   73.5  -53.6  -99.9   13.3  119.0   10.2   -0.5    8.2  -15.7   49.9   51.6  -18.0   63.0   52.4  159.0   -9.4  102.6  -37.7 -162.6  -48.2  161.6   33.2   84.6
04:20   12.1  -59.3  -32.5  108.9   -5.7 -146.8  -33.6   23.6  -39.8  145.1   55.6  128.6   40.7 -161.1  -41.3   81.0  -44.1  -28.9   29.4   79.4   22.7  -36.1  -54.2   -4.7    4.7  163.2  -30.1 -108.2   -3.2  -83.4   42.7 -108.9   40.0   22.2   54.4  -53.6   -9.0 -128.7  -55.6   86.2  -52.0  -88.7   21.5  120.3   18.1    0.8   -0.0  -15.1   44.7   59.3  -25.9   64.6   48.6  168.6   -1.0  103.4  -30.5 -159.3  -52.5  171.0   25.6   87.1
04:40   20.3  -58.1  -25.5  111.7    2.3 -145.9  -25.7   26.3  -46.1  151.1   55.9  141.7   46.5 -155.3  -46.8   87.8  -49.8  -22.1   21.8   81.7   14.8  -34.7  -56.3    8.0   -3.4  163.8  -37.4 -105.2    4.9  -82.3   35.7 -104.6   46.0   27.8   54.1  -41.3  -17.0 -127.8  -52.9   97.6  -48.3  -79.2   29.5  122.3   25.7    2.6   -8.3  -14.5   38.4   64.8  -33.4   67.1   43.2  175.7    7.3  104.1  -22.8 -157.1  -54.6 -177.4   17.7   88.8
05:00   28.2  -56.2  -18.2  113.6   10.2 -144.9  -17.6   27.9  -51.1  159.7   53.7  153.9   51.0 -147.4  -50.9   96.9  -54.0  -12.7   13.9   83.2    6.8  -33.8  -55.7   21.4  -11.4  164.6  -44.1 -100.5   13.1  -81.0   28.1 -101.9   50.7   35.7   51.5  -30.2  -24.8 -126.4  -48.3  106.4  -43.1  -72.0   37.1  125.4   33.1    5.4  -16.6  -13.6   31.3   68.4  -40.4   71.0   36.7 -179.4   15.6  105.1  -14.8 -155.8  -54.4 -165.0    9.6   89.9
05:20   35.7  -53.2  -10.5  115.0   18.1 -143.6   -9.2   28.9  -54.3  170.8   49.3  163.5   53.8 -137.4  -53.1  108.0  -56.1   -0.9    5.7   84.4   -1.4  -33.0  -52.5   33.1  -19.3  165.7  -49.7  -93.7   21.0  -79.3   20.1 -100.2   53.7   45.9   46.9  -21.4  -32.3 -124.1  -42.2  112.7  -36.8  -66.8   44.0  130.3   39.8    9.5  -24.6  -12.3   23.7   70.8  -46.5   76.8   29.6 -176.1   23.7  106.5   -6.7 -154.9  -51.7 -153.8    1.4   90.7
05:40   42.6  -48.7   -2.8  116.1   25.7 -141.7   -0.8   29.6  -55.0 -176.5   43.5  170.4   54.5 -126.0  -52.9  119.9  -55.8   11.8   -2.5   85.4   -9.7  -32.1  -47.3   41.9  -27.0  167.4  -53.9  -84.2   28.7  -76.8   11.9  -99.2   54.6   57.7   41.0  -15.1  -39.3 -120.6  -35.2  117.0  -29.7  -63.3   49.8  137.6   45.7   15.4  -32.4  -10.0   15.7   72.4  -51.4   85.1   22.0 -173.9   31.5  108.8    1.4 -154.3  -47.2 -145.0   -6.8   91.5
06:00   48.4  -41.9    5.1  117.2   33.0 -138.9    7.5   30.2  -53.1 -164.4   36.6  175.0   53.1 -115.0  -50.4  130.8  -53.1   23.1  -10.8   86.4  -17.9  -30.9  -40.9   48.0  -34.3  170.0  -55.9  -72.4   36.0  -73.2    3.5  -98.6   53.1   69.3   34.2  -10.8  -45.6 -115.2  -27.6  119.7  -22.1  -60.9   54.0  147.6   50.3   23.7  -39.6   -6.4    7.7   73.5  -54.5   95.9   14.1 -172.4   38.7  112.4    9.6 -153.6  -41.2 -138.7  -14.9   92.5
06:20   52.9  -32.5   12.9  118.5   39.8 -134.7   15.7   31.1  -49.1 -154.4   29.2  177.9   49.6 -105.7  -46.0  139.6  -48.5   31.8  -18.9   87.9  -25.9  -29.1  -33.5   52.0  -41.1  174.1  -55.6  -59.8   42.4  -67.9   -4.8  -98.0   49.6   79.1   26.8   -8.0  -50.7 -107.6  -19.6  121.4  -14.2  -59.3   56.0  159.9   53.1   34.2  -46.1   -1.0   -0.5   74.3  -55.3  108.2    6.1 -171.5   45.3  117.7   17.6 -152.6  -34.4 -134.4  -22.9   93.9
06:40   55.2  -20.8   20.6  120.1   45.6 -128.6   23.7   32.3  -43.5 -147.1   21.4  179.7   44.7  -98.7  -40.2  146.0  -42.5   38.0  -26.8   90.0  -33.6  -26.2  -25.7   54.4  -47.0 -179.8  -52.8  -48.5   47.8  -60.5  -13.1  -97.4   44.3   86.6   19.0   -6.1  -54.1  -97.4  -11.4  122.5   -6.1  -58.1   55.4  172.8   53.7   45.9  -51.4    7.0   -8.7   75.2  -53.6  120.2   -1.9 -170.7   50.6  125.5   25.4 -151.1  -27.0 -131.6  -30.6   96.1
07:00   55.1   -8.1   28.0  122.6   50.1 -120.2   31.4   34.4  -36.8 -142.1   13.3 -179.3   38.7  -93.7  -33.4  150.6  -35.6   42.2  -34.3   93.2  -40.8  -21.8  -17.6   55.9  -51.6 -171.3  -48.1  -39.7   51.5  -50.7  -21.3  -96.3   38.0   91.8   11.0   -4.9  -55.4  -85.4   -3.0  123.2    2.1  -57.0   52.3 -175.9   52.0   57.3  -54.9   17.8  -16.7   76.3  -49.7  130.1  -10.0 -169.8   54.2  135.9   33.0 -148.7  -19.2 -129.8  -37.8   99.6
07:20   52.5    3.5   35.1  126.1   52.9 -109.7   38.6   37.6  -29.4 -138.8    5.2 -178.6   31.9  -90.3  -26.1  153.6  -28.1   44.8  -41.2   97.9  -47.0  -15.3   -9.3   56.8  -54.3 -160.3  -42.1  -33.5   53.1  -39.1  -29.2  -94.5   30.8   95.4    3.0   -4.1  -54.2  -73.4    5.4  123.9   10.3  -55.9   47.4 -167.3   48.2   66.8  -56.1   30.4  -24.6   77.9  -44.2  137.4  -17.9 -168.6   55.6  148.2   39.9 -144.9  -11.2 -128.6  -44.3  104.7
07:40   47.9   12.5   41.4  131.3   53.4  -97.9   45.0   42.4  -21.6 -136.7   -3.0 -178.1   24.7  -88.0  -18.3  155.7  -20.2   46.4  -47.1  104.7  -51.8   -6.0   -0.9   57.4  -54.8 -148.1  -35.1  -29.4   52.4  -27.3  -36.8  -91.6   23.2   97.8   -5.1   -3.3  -50.8  -63.0   13.8  124.7   18.4  -54.5   41.1 -161.3   42.9   74.0  -54.7   43.0  -32.1   80.4  -37.7  142.5  -25.6 -166.9   54.4  160.5   46.1 -139.3   -3.1 -127.8  -49.7  112.2
08:00   41.9   18.9   46.7  138.5   51.5  -86.5   50.4   49.5  -13.6 -135.4  -11.1 -177.6   17.0  -86.6  -10.4  157.1  -12.1   47.4  -51.5  114.0  -54.5    5.8    7.4   58.0  -52.8 -136.4  -27.6  -26.8   49.3  -16.8  -43.7  -87.1   15.2   99.4  -13.2   -2.4  -45.7  -55.2   22.1  126.0   26.2  -52.4   34.1 -157.4   36.4   79.1  -51.0   53.6  -39.1   84.2  -30.4  145.8  -33.0 -164.3   51.0  171.1   51.1 -131.2    5.1 -127.1  -53.4  122.2
08:20   34.9   23.3   50.5  148.0   47.7  -77.1   54.2   59.1   -5.5 -134.5  -19.1 -176.7    9.2  -85.6   -2.3  158.2   -3.8   48.1  -53.8  125.5  -54.7   18.9   15.6   58.7  -48.7 -126.8  -19.6  -25.1   44.6   -8.7  -49.6  -80.3    6.9  100.5  -21.1   -1.1  -39.4  -49.7   30.1  128.1   33.7  -49.3   26.5 -154.9   29.3   82.5  -45.6   61.4  -45.3   89.8  -22.7  148.0  -39.8 -160.3   45.9  179.0   54.3 -120.6   13.2 -126.2  -55.0  134.2
08:40   27.4   26.1   52.2  159.3   42.2  -70.0   56.0   70.8    2.7 -133.8  -26.9 -175.3    1.2  -84.8    5.8  159.3    4.5   48.7  -53.7  137.9  -52.2   30.9   23.6   59.9  -43.1 -119.8  -11.4  -24.1   38.6   -2.8  -54.0  -70.8   -1.4  101.4  -28.7    0.9  -32.3  -46.0   37.7  131.4   40.5  -44.8   18.5 -153.4   21.7   84.8  -39.0   66.7  -50.3   97.8  -14.6  149.4  -45.8 -154.4   39.5 -175.6   55.3 -108.4   21.1 -124.9  -54.1  146.4
09:00   19.5   27.8   51.6  171.0   35.8  -65.0   55.4   82.9   10.8 -133.0  -34.3 -172.9   -7.0  -84.1   13.8  160.5   12.9   49.4  -51.2  149.1  -47.6   40.4   31.3   61.8  -36.4 -114.9   -3.1  -23.4   31.8    1.2  -56.3  -58.7   -9.7  102.4  -35.9    4.0  -24.6  -43.6   44.5  136.5   46.4  -38.3   10.5 -152.5   13.8   86.4  -31.7   70.1  -53.5  108.1   -6.4  150.3  -50.6 -146.2   32.4 -172.0   53.8  -96.3   28.8 -122.9  -50.9  157.1
09:20   11.5   28.9   48.7 -178.5   28.6  -61.6   52.5   93.6   18.7 -132.0  -41.3 -169.1  -15.1  -83.0   21.6  162.1   21.1   50.5  -46.7  158.1  -41.6   47.3   38.5   64.9  -29.0 -111.6    5.3  -22.7   24.4    3.9  -56.0  -45.7  -18.0  103.7  -42.4    8.6  -16.6  -42.1   50.3  144.0   50.8  -29.4    2.3 -151.9    5.7   87.6  -23.9   72.3  -54.6  120.1    1.8  151.0  -53.5 -135.7   24.8 -169.7   50.1  -86.2   36.0 -119.8  -45.9  165.2
09:40    3.2   29.7   44.0 -170.1   20.9  -59.3   47.9  101.9   26.5 -130.3  -47.4 -163.3  -23.1  -81.4   29.1  164.4   29.1   52.4  -40.8  164.5  -34.6   51.9   45.1   69.7  -21.1 -109.5   13.6  -21.9   16.8    5.7  -53.3  -34.0  -26.0  105.6  -48.0   15.2   -8.4  -41.1   54.3  154.3   53.3  -18.3   -5.9 -151.4   -2.5   88.5  -15.8   73.7  -53.2  131.9   10.1  151.8  -54.2 -123.7   16.9 -168.2   44.7  -78.7   42.7 -115.2  -39.7  171.0
10:00   -5.0   30.4   37.9 -164.0   13.0  -57.7   41.9  107.8   33.8 -127.8  -52.3 -155.1  -30.8  -79.0   36.1  167.8   36.7   55.4  -34.1  169.0  -26.9   54.9   50.6   76.8  -13.0 -108.1   21.8  -20.7    8.9    7.0  -48.6  -25.0  -33.7  108.6  -52.1   24.3   -0.1  -40.3   56.1  166.9   53.4   -6.3  -14.1 -150.7  -10.6   89.6   -7.5   74.5  -49.7  142.0   18.3  152.9  -52.6 -112.1    8.9 -167.3   38.2  -73.5   48.3 -108.5  -32.7  174.8
10:20  -13.1   31.2   31.0 -159.6    4.9  -56.5   35.2  111.7   40.6 -123.9  -55.3 -144.2  -38.1  -75.2   42.4  172.8   43.6   60.1  -26.8  171.9  -19.0   56.8   54.5   86.6   -4.7 -107.1   29.8  -18.7    1.0    8.0  -42.4  -18.7  -40.7  113.0  -54.3   35.5    8.2  -39.5   55.2  179.9   51.2    4.9  -22.0 -149.6  -18.6   91.0    0.8   75.1  -44.5  149.5   26.2  154.6  -48.8 -102.4    0.7 -166.7   31.0  -70.0   52.4  -99.3  -25.1  177.3
10:40  -21.2   32.4   23.6 -156.7   -3.2  -55.5   27.8  114.2   46.6 -118.1  -56.1 -131.6  -44.7  -69.4   47.6  179.7   49.6   67.1  -19.1  173.8  -10.8   58.0   56.3   98.5    3.7 -106.2   37.4  -15.5   -6.9    8.9  -35.4  -14.5  -46.8  119.5  -54.2   47.6   16.5  -38.4   51.9 -169.0   47.1   14.0  -29.8 -147.8  -26.4   93.0    9.1   75.8  -38.1  154.8   33.8  157.3  -43.5  -95.1   -7.5 -166.0   23.2  -67.8   54.6  -87.9  -17.2  179.0
11:00  -28.9   34.3   15.8 -154.6  -11.3  -54.4   20.0  115.7   51.3 -110.0  -54.3 -119.5  -50.0  -61.2   51.4 -171.1   54.0   77.1  -11.2  175.1   -2.6   58.9   55.7  111.0   12.0 -105.2   44.2  -10.5  -14.6   10.0  -27.8  -11.9  -51.5  128.5  -51.7   58.6   24.6  -36.8   46.8 -160.6   41.5   20.7  -37.1 -144.8  -33.8   96.0   17.3   76.7  -31.1  158.4   40.8  161.4  -37.0  -90.0  -15.6 -165.2   15.2  -66.3   54.4  -75.6   -9.1 -180.0
11:20  -36.3   37.2    7.8 -153.0  -19.2  -52.9   12.0  116.7   54.2  -99.5  -50.4 -109.5  -53.5  -50.2   53.2 -160.2   56.1   89.5   -3.2  176.0    5.5   59.6   52.7  122.0   20.2 -103.8   50.0   -3.1  -22.2   11.5  -19.8  -10.3  -54.2  139.9  -47.3   67.4   32.4  -34.3   40.4 -154.8   34.9   25.3  -43.8 -140.3  -40.5  100.4   25.4   78.1  -23.5  160.8   46.9  167.5  -29.8  -86.6  -23.5 -163.9    6.9  -65.3   51.8  -64.5   -0.9 -179.2
11:40  -43.0   41.8   -0.2 -151.8  -26.9  -50.8    3.8  117.3   55.0  -87.6  -44.8 -102.2  -54.6  -37.3   52.7 -148.8   55.7  102.8    4.8  176.7   13.6   60.5   48.0  130.4   28.1 -101.8   54.1    7.0  -29.5   13.8  -11.6   -9.3  -54.4  152.5  -41.5   73.8   39.6  -30.4   33.2 -151.1   27.7   28.5  -49.5 -133.5  -46.4  106.8   33.0   80.5  -15.6  162.3   51.8  176.1  -22.1  -84.3  -31.2 -161.7   -1.4  -64.6   47.3  -55.7    7.2 -178.4
12:00  -48.7   48.5   -8.2 -150.6  -34.2  -47.8   -4.4  117.9   53.4  -76.0  -38.1  -97.1  -53.0  -24.7   50.1 -138.4   52.6  114.5   12.7  177.6   21.5   61.7   41.9  136.3   35.6  -98.6   56.0   19.6  -36.4   17.1   -3.3   -8.7  -52.2  164.1  -34.7   78.3   46.1  -24.5   25.6 -148.7   20.1   30.5  -53.7 -124.0  -50.8  115.4   40.2   84.2   -7.5  163.3   54.7 -172.8  -14.2  -82.7  -38.4 -158.4   -9.7  -63.8   41.5  -49.3   15.4 -177.5
12:20  -53.0   57.7  -16.1 -149.1  -40.8  -43.2  -12.7  118.6   49.7  -66.3  -30.7  -93.9  -49.0  -14.1   45.8 -130.2   47.6  123.4   20.4  178.9   29.0   63.6   34.9  140.2   42.4  -93.9   55.3   32.6  -42.5   22.0    5.0   -8.2  -47.9  173.4  -27.4   81.2   51.2  -16.2   17.6 -147.3   12.3   31.9  -55.9 -112.2  -53.3  126.3   46.6   89.8    0.6  164.1   55.2 -160.2   -6.0  -81.6  -44.9 -153.2  -17.9  -62.6   34.6  -45.0   23.3 -176.0
12:40  -55.2   69.3  -23.7 -147.2  -46.5  -36.8  -20.9  119.8   44.4  -59.0  -22.8  -91.8  -43.3   -6.3   40.1 -124.1   41.3  129.6   27.9 -179.2   36.1   66.5   27.4  142.7   48.2  -87.0   52.1   43.9  -47.6   28.9   13.3   -7.5  -42.2 -179.8  -19.6   83.1   54.5   -5.1    9.5 -146.4    4.4   32.9  -55.6  -99.5  -53.6  138.2   51.7   98.0    8.8  165.0   53.2 -148.3    2.2  -80.7  -50.3 -145.7  -25.9  -60.9   27.2  -42.1   31.0 -173.8
13:00  -55.1   81.7  -30.9 -144.4  -50.7  -28.1  -28.9  121.7   38.0  -54.0  -14.6  -90.5  -36.5   -0.9   33.5 -119.9   34.1  133.6   34.9 -176.4   42.6   70.9   19.5  144.2   52.5  -77.6   47.0   52.4  -51.3   37.9   21.5   -6.4  -35.5 -175.2  -11.5   84.4   55.3    7.5    1.3 -145.9   -3.5   33.8  -52.8  -88.1  -51.5  149.4   55.1  108.8   16.8  166.1   49.2 -138.6   10.4  -79.7  -54.0 -135.5  -33.5  -58.3   19.4  -40.2   38.1 -170.3
13:20  -52.5   93.0  -37.5 -140.6  -53.1  -17.3  -36.6  124.8   30.8  -50.6   -6.3  -89.6  -28.9    2.6   26.4 -117.0   26.3  136.2   41.4 -172.1   48.1   77.2   11.3  145.1   54.7  -66.0   40.6   58.3  -53.1   48.7   29.4   -4.6  -28.2 -172.1   -3.4   85.4   53.7   19.8   -6.9 -145.4  -11.4   34.7  -48.1  -79.2  -47.5  158.5   56.1  121.4   24.7  167.8   43.5 -131.6   18.5  -78.4  -55.6 -123.3  -40.6  -54.2   11.3  -39.0   44.6 -165.0
13:40  -48.0  102.0  -43.4 -135.1  -53.3   -5.6  -43.6  129.6   23.2  -48.4    2.2  -88.9  -20.9    5.0   18.8 -115.0   18.2  137.7   46.9 -165.9   52.3   85.9    3.0  145.8   54.5  -53.7   33.4   62.2  -52.6   60.0   37.0   -1.7  -20.5 -170.2    4.9   86.3   49.8   30.0  -15.1 -144.7  -19.2   36.0  -42.0  -72.9  -42.0  165.3   54.5  133.8   32.2  170.3   36.9 -126.7   26.3  -76.5  -54.6 -110.8  -46.8  -48.1    3.1  -38.1   49.9 -157.5
14:00  -42.1  108.4  -48.0 -127.7  -51.1    5.3  -49.5  136.9   15.3  -46.9   10.7  -88.1  -12.7    6.5   11.0 -113.6    9.9  138.7   51.2 -157.5   54.6   96.6   -5.3  146.3   51.9  -42.5   25.7   64.6  -50.0   70.3   43.9    3.0  -12.6 -169.0   13.1   87.3   44.2   37.4  -23.0 -143.5  -26.7   37.9  -35.0  -68.7  -35.5  170.1   50.8  144.1   39.3  174.2   29.6 -123.6   33.8  -73.6  -51.3 -100.0  -51.7  -39.5   -5.1  -37.3   53.5 -147.4
14:20  -35.2  112.7  -51.1 -118.4  -47.1   14.2  -53.9  147.1    7.1  -45.9   19.1  -87.0   -4.5    7.6    3.1 -112.6    1.6  139.3   53.6 -147.0   54.7  108.3  -13.7  147.1   47.4  -33.7   17.7   66.1  -45.7   78.5   49.7    9.9   -4.6 -168.1   21.1   88.7   37.6   42.5  -30.7 -141.6  -33.9   40.7  -27.4  -66.0  -28.3  173.3   45.3  151.6   45.5  179.9   21.8 -121.5   40.6  -69.3  -46.1  -91.8  -54.6  -28.3  -13.3  -36.3   55.0 -135.4
14:40  -27.8  115.5  -52.3 -107.7  -41.6   20.8  -56.0  159.9   -1.2  -45.1   27.2  -85.2    3.8    8.4   -4.9 -111.6   -6.7  139.9   53.9 -135.4   52.5  119.2  -21.9  148.3   41.5  -27.4    9.5   67.0  -40.0   84.7   54.1   19.6    3.4 -167.4   28.9   90.9   30.3   45.8  -37.9 -138.6  -40.4   44.9  -19.3  -64.3  -20.8  175.4   38.7  156.8   50.4 -172.0   13.8 -120.3   46.5  -63.0  -39.7  -86.1  -55.2  -15.8  -21.4  -34.9   54.0 -123.2
15:00  -19.9  117.3  -51.3  -97.1  -35.2   25.5  -55.3  173.3   -9.4  -44.3   35.0  -82.4   12.0    9.4  -12.9 -110.5  -15.0  140.6   51.9 -124.4   48.5  128.0  -30.0  150.2   34.8  -23.2    1.3   67.6  -33.4   89.0   56.3   31.8   11.4 -166.7   36.3   94.2   22.6   47.9  -44.5 -133.8  -46.1   51.0  -11.1  -63.2  -13.0  176.8   31.4  160.1   53.6 -161.5    5.6 -119.4   51.1  -54.3  -32.5  -82.3  -53.3   -3.8  -29.2  -32.8   50.7 -112.7
15:20  -11.8  118.4  -48.4  -87.7  -28.1   28.6  -52.1 -175.0  -17.6  -43.1   42.1  -78.0   19.9   10.6  -20.7 -109.0  -23.0  141.8   47.9 -115.4   43.0  134.6  -37.6  153.5   27.4  -20.4   -7.0   68.2  -26.1   92.0   55.9   44.9   19.2 -165.6   42.9   99.1   14.6   49.2  -50.1 -126.8  -50.5   59.3   -2.7  -62.4   -5.0  177.8   23.7  162.2   54.6 -149.4   -2.6 -118.7   53.8  -43.4  -24.8  -79.9  -49.2    5.9  -36.5  -29.5   45.7 -104.6
15:40   -3.6  119.2  -43.9  -80.2  -20.6   30.8  -46.8 -166.1  -25.7  -41.3   48.3  -71.4   27.6   12.5  -28.3 -106.7  -30.8  143.7   42.5 -108.6   36.6  139.1  -44.5  158.5   19.8  -18.6  -15.2   68.9  -18.4   94.1   53.1   56.5   26.8 -163.9   48.5  106.3    6.5   50.0  -54.1 -117.1  -53.1   69.7    5.7  -61.7    3.0  178.7   15.6  163.5   53.1 -137.5  -10.8 -118.0   54.1  -31.3  -16.8  -78.3  -43.6   13.0  -43.1  -24.6   39.5  -98.9
16:00    4.7  120.0  -38.2  -74.7  -12.8   32.2  -40.3 -160.0  -33.3  -38.6   53.1  -62.1   34.8   15.3  -35.4 -103.3  -38.1  146.8   36.1 -103.8   29.5  142.1  -50.3  166.0   11.9  -17.5  -23.1   70.1  -10.5   95.5   48.2   65.4   34.0 -161.3   52.5  115.9   -1.7   50.7  -56.0 -105.2  -53.6   81.3   14.1  -60.9   11.0  179.6    7.4  164.3   49.4 -127.5  -18.8 -116.9   52.1  -19.9   -8.5  -77.3  -37.0   17.8  -48.7  -17.5   32.4  -95.1
16:20   13.0  120.8  -31.8  -70.8   -4.9   33.3  -32.8 -156.0  -40.5  -34.4   55.7  -50.1   41.4   19.4  -41.9  -98.4  -44.7  151.6   28.9 -100.5   21.9  144.1  -54.5  176.5    3.8  -16.7  -30.9   72.1   -2.4   96.7   42.0   71.7   40.7 -157.3   54.4  127.6   -9.8   51.4  -55.5  -92.6  -51.7   92.4   22.4  -59.6   18.9 -179.1   -0.9  164.9   44.1 -120.0  -26.7 -115.2   48.1  -10.6   -0.2  -76.6  -29.7   21.0  -52.8   -7.9   24.8  -92.7
16:40   21.1  122.1  -24.8  -68.1    3.1   34.2  -24.9 -153.5  -46.7  -28.1   55.8  -37.0   47.0   25.4  -47.3  -91.4  -50.3  158.7   21.2  -98.3   14.0  145.4  -56.3 -170.6   -4.2  -16.1  -38.1   75.2    5.8   97.8   34.9   75.8   46.5 -151.5   53.9  139.9  -17.8   52.3  -52.5  -81.4  -47.9  101.7   30.3  -57.5   26.5 -177.2   -9.2  165.6   37.7 -114.8  -34.1 -112.6   42.5   -3.7    8.2  -75.8  -22.0   23.0  -54.7    3.9   16.9  -91.1
17:00   29.0  124.0  -17.4  -66.2   11.1   35.2  -16.7 -152.0  -51.5  -19.3   53.3  -25.0   51.4   33.6  -51.3  -82.0  -54.3  168.5   13.3  -96.8    5.9  146.3  -55.5 -157.3  -12.2  -15.3  -44.7   80.0   13.9   99.1   27.3   78.3   51.1 -143.4   51.1  150.8  -25.6   53.8  -47.7  -72.8  -42.5  108.6   37.8  -54.2   33.8 -174.3  -17.4  166.5   30.5 -111.3  -41.1 -108.5   36.0    1.0   16.4  -74.8  -14.0   24.3  -54.2   16.2    8.8  -90.0
17:20   36.4  127.2   -9.8  -64.9   18.9   36.5   -8.4 -151.0  -54.4   -7.9   48.8  -15.7   54.0   43.8  -53.2  -70.7  -56.2 -179.6    5.1  -95.7   -2.3  147.1  -52.0 -145.8  -20.1  -14.2  -50.2   87.2   21.8  100.9   19.2   79.9   53.9 -132.9   46.3  159.4  -33.1   56.2  -41.5  -66.7  -36.1  113.6   44.6  -49.1   40.4 -170.0  -25.4  167.9   22.9 -109.0  -47.1 -102.4   28.8    4.2   24.5  -73.3   -5.9   25.1  -51.3   27.2    0.6  -89.2
17:40   43.2  131.9   -2.0  -63.8   26.5   38.5    0.0 -150.3  -54.9    4.8   42.8   -9.1   54.5   55.2  -52.7  -58.8  -55.6 -167.0   -3.1  -94.7  -10.5  148.0  -46.7 -137.3  -27.7  -12.4  -54.2   96.9   29.5  103.5   11.0   80.9   54.6 -121.1   40.3  165.4  -40.0   59.9  -34.5  -62.7  -28.9  117.0   50.3  -41.5   46.2 -163.8  -33.1  170.3   14.9 -107.5  -51.8  -93.9   21.2    6.3   32.2  -70.9    2.3   25.8  -46.6   35.7   -7.6  -88.4
18:00   49.0  138.9    5.9  -62.7   33.8   41.5    8.4 -149.7  -52.8   16.8   35.9   -4.7   52.8   66.1  -50.0  -48.1  -52.7 -155.9  -11.3  -93.6  -18.7  149.2  -40.1 -131.5  -35.0   -9.6  -56.0  108.9   36.7  107.3    2.7   81.5   52.9 -109.6   33.4  169.6  -46.2   65.4  -26.8  -60.1  -21.3  119.3   54.3  -31.3   50.7 -155.3  -40.3  174.0    6.8 -106.4  -54.7  -82.8   13.3    7.7   39.5  -67.2   10.4   26.5  -40.6   41.8  -15.8  -87.4
18:20   53.2  148.6   13.7  -61.4   40.4   45.9   16.6 -148.8  -48.6   26.5   28.4   -1.9   49.2   75.1  -45.4  -39.6  -47.9 -147.4  -19.5  -92.2  -26.7  151.1  -32.8 -127.7  -41.7   -5.3  -55.4  121.5   43.1  112.8   -5.7   82.0   49.1 -100.0   26.0  172.3  -51.1   73.4  -18.8  -58.5  -13.4  120.9   56.0  -18.8   53.3 -144.7  -46.7  179.7   -1.3 -105.6  -55.2  -70.4    5.3    8.6   45.9  -61.6   18.4   27.5  -33.7   45.9  -23.7  -85.9
18:40   55.3  160.5   21.4  -59.7   46.1   52.2   24.5 -147.5  -42.8   33.5   20.6   -0.2   44.1   81.9  -39.5  -33.4  -41.8 -141.4  -27.4  -90.0  -34.4  154.1  -24.9 -125.4  -47.5    1.0  -52.4  132.5   48.3  120.4  -14.0   82.7   43.7  -92.8   18.2  174.0  -54.4   83.8  -10.5  -57.5   -5.2  122.0   55.1   -5.9   53.7 -132.8  -51.8 -172.0   -9.5 -104.7  -53.2  -58.6   -2.8    9.4   51.0  -53.6   26.2   29.1  -26.2   48.6  -31.4  -83.6
19:00   54.9  173.2   28.8  -57.1   50.5   60.8   32.1 -145.4  -36.0   38.3   12.5    0.8   38.0   86.8  -32.7  -29.1  -34.8 -137.5  -34.8  -86.7  -41.5  158.8  -16.7 -124.0  -52.0    9.8  -47.6  141.0   51.8  130.5  -22.2   83.9   37.3  -87.7   10.2  175.2  -55.4   95.9   -2.1  -56.7    3.0  123.1   51.9    5.2   51.7 -121.6  -55.1 -161.0  -17.5 -103.6  -49.2  -49.0  -10.8   10.3   54.5  -42.9   33.7   31.7  -18.4   50.3  -38.5  -80.0
19:20   52.1 -175.5   35.8  -53.4   53.0   71.5   39.3 -142.0  -28.6   41.4    4.4    1.4   31.2   90.0  -25.3  -26.1  -27.3 -135.0  -41.7  -81.9  -47.6  165.6   -8.4 -123.1  -54.5   20.9  -41.4  146.9   53.2  142.1  -30.0   85.7   30.1  -84.3    2.1  176.0  -53.9  107.8    6.3  -56.1   11.1  124.2   46.8   13.5   47.7 -112.3  -56.1 -148.3  -25.4 -101.9  -43.6  -41.9  -18.7   11.5   55.6  -30.5   40.6   35.6  -10.4   51.5  -44.9  -74.6
19:40   47.3 -166.7   42.0  -48.1   53.3   83.4   45.6 -137.0  -20.8   43.4   -3.8    1.9   23.9   92.2  -17.5  -24.1  -19.4 -133.4  -47.5  -74.9  -52.2  175.1   -0.1 -122.5  -54.7   33.2  -34.4  150.9   52.1  153.9  -37.5   88.8   22.4  -82.0   -6.0  176.8  -50.4  117.9   14.7  -55.2   19.2  125.7   40.4   19.2   42.3 -105.4  -54.4 -135.8  -32.9  -99.3  -37.0  -37.1  -26.4   13.3   54.2  -18.3   46.7   41.5   -2.2   52.3  -50.1  -66.9
20:00   41.2 -160.5   47.2  -40.7   51.2   94.5   50.9 -129.6  -12.8   44.7  -11.9    2.5   16.2   93.5   -9.5  -22.7  -11.2 -132.5  -51.7  -65.4  -54.6 -172.9    8.2 -122.0  -52.4   44.7  -26.8  153.4   48.9  164.1  -44.3   93.5   14.3  -80.5  -14.0  177.7  -45.1  125.5   23.0  -53.8   27.0  127.9   33.3   22.9   35.7 -100.5  -50.5 -125.5  -39.8  -95.3  -29.6  -33.9  -33.7   16.1   50.5   -8.0   51.5   49.8    5.9   53.0  -53.7  -56.7
20:20   34.2 -156.4   50.8  -31.0   47.2  103.7   54.5 -119.8   -4.6   45.6  -19.9    3.4    8.3   94.5   -1.4  -21.6   -2.9 -131.9  -53.9  -53.8  -54.5 -159.8   16.4 -121.2  -48.2   54.0  -18.8  155.0   44.0  172.0  -50.1  100.6    6.1  -79.4  -21.9  179.1  -38.7  130.8   30.9  -51.6   34.4  131.1   25.7   25.3   28.5  -97.2  -45.0 -118.0  -45.9  -89.5  -21.8  -31.8  -40.5   20.2   45.3   -0.4   54.5   60.6   14.0   53.9  -55.0  -44.6
20:40   26.6 -153.7   52.3  -19.5   41.6  110.6   56.0 -108.0    3.5   46.3  -27.7    4.9    0.3   95.3    6.6  -20.6    5.4 -131.3  -53.6  -41.4  -51.8 -148.0   24.4 -120.0  -42.4   60.8  -10.6  156.0   37.9  177.6  -54.3  110.4   -2.2  -78.5  -29.4 -178.8  -31.5  134.3   38.4  -48.2   41.1  135.8   17.7   26.7   20.9  -95.0  -38.3 -112.9  -50.7  -81.3  -13.8  -30.5  -46.4   26.3   38.8    4.9   55.2   72.9   21.9   55.3  -53.9  -32.4
21:00   18.7 -152.0   51.4   -7.9   35.1  115.4   55.2  -95.9   11.6   47.1  -35.1    7.4   -7.8   96.1   14.6  -19.4   13.7 -130.5  -50.9  -30.3  -47.1 -138.7   32.1 -117.9  -35.6   65.5   -2.3  156.7   31.0 -178.5  -56.4  122.7  -10.6  -77.5  -36.6 -175.6  -23.8  136.6   45.2  -42.9   46.9  142.6    9.6   27.6   12.9  -93.4  -30.9 -109.6  -53.8  -70.7   -5.6  -29.6  -51.0   34.8   31.7    8.3   53.5   84.8   29.5   57.3  -50.5  -22.0
21:20   10.6 -151.0   48.3    2.5   27.8  118.7   52.1  -85.4   19.5   48.2  -41.9   11.4  -15.9   97.1   22.4  -17.7   21.9 -129.4  -46.3  -21.6  -40.9 -132.2   39.2 -114.7  -28.2   68.6    6.1  157.3   23.6 -175.9  -55.8  135.6  -18.8  -76.1  -43.1 -170.9  -15.8  138.0   50.8  -35.1   51.1  151.7    1.4   28.2    4.8  -92.3  -23.1 -107.5  -54.5  -58.7    2.7  -28.9  -53.7   45.5   24.0   10.5   49.6   94.7   36.8   60.5  -45.3  -14.1
21:40    2.4 -150.2   43.4   10.6   20.1  120.9   47.3  -77.4   27.2   49.9  -47.9   17.4  -23.9   98.8   29.8  -15.3   29.9 -127.4  -40.4  -15.3  -33.8 -127.8   45.7 -109.6  -20.3   70.7   14.5  158.2   16.0 -174.1  -52.9  147.0  -26.8  -74.1  -48.5 -164.0   -7.6  139.0   54.6  -24.5   53.4  162.9   -6.8   28.7   -3.3  -91.4  -15.0 -106.2  -52.9  -47.0   11.0  -28.1  -54.2   57.5   16.1   11.9   44.1  101.9   43.3   65.4  -39.0   -8.6
22:00   -5.8 -149.6   37.3   16.5   12.2  122.4   41.3  -71.8   34.5   52.5  -52.7   25.9  -31.6  101.4   36.8  -11.7   37.4 -124.2  -33.6  -11.0  -26.1 -124.9   51.0 -102.3  -12.1   72.1   22.7  159.5    8.1 -172.9  -48.0  155.8  -34.4  -71.1  -52.5 -154.6    0.8  139.8   56.1  -11.7   53.3  175.0  -14.9   29.4  -11.4  -90.3   -6.7 -105.4  -49.2  -37.2   19.1  -26.9  -52.3   69.0    8.0   12.8   37.5  106.9   48.8   72.3  -31.9   -4.9
22:20  -14.0 -148.7   30.3   20.7    4.1  123.6   34.4  -68.0   41.3   56.6  -55.5   37.0  -38.8  105.3   43.0   -6.6   44.3 -119.3  -26.2   -8.1  -18.2 -123.1   54.8  -92.3   -3.8   73.0   30.6  161.6    0.2 -171.9  -41.8  161.8  -41.4  -66.4  -54.4 -143.2    9.1  140.6   55.0    1.1   50.9 -174.0  -22.9   30.6  -19.4  -88.9    1.6 -104.8  -43.9  -29.9   27.0  -25.1  -48.3   78.5   -0.1   13.4   30.2  110.3   52.8   81.8  -24.3   -2.5
22:40  -22.0 -147.5   22.8   23.6   -4.0  124.6   27.0  -65.6   47.1   62.6  -56.0   49.6  -45.3  111.3   48.1    0.6   50.1 -112.0  -18.5   -6.3  -10.0 -121.9   56.4  -80.2    4.6   73.9   38.1  164.9   -7.7 -171.0  -34.7  165.8  -47.4  -59.7  -54.0 -131.2   17.4  141.7   51.5   12.0   46.6 -165.2  -30.5   32.5  -27.2  -86.8    9.9 -104.2  -37.5  -24.8   34.5  -22.4  -42.8   85.5   -8.3   14.0   22.4  112.4   54.7   93.4  -16.4   -0.9
23:00  -29.7 -145.5   15.0   25.6  -12.1  125.7   19.2  -64.2   51.7   71.0  -54.0   61.6  -50.5  119.9   51.7   10.0   54.3 -101.8  -10.6   -5.0   -1.8 -121.0   55.5  -67.8   12.9   74.9   44.9  170.1  -15.4 -169.9  -27.0  168.3  -51.9  -50.4  -51.3 -120.4   25.4  143.4   46.2   20.1   40.8 -158.7  -37.8   35.6  -34.5  -83.6   18.1 -103.2  -30.3  -21.3   41.5  -18.1  -36.3   90.4  -16.4   14.9   14.3  113.8   54.2  105.6   -8.3    0.1
23:20  -37.0 -142.4    7.0   27.1  -20.0  127.2   11.2  -63.2   54.4   81.7  -49.9   71.4  -53.7  131.1   53.2   21.0   56.2  -89.1   -2.6   -4.1    6.4 -120.3   52.3  -57.1   21.0   76.4   50.5  177.7  -23.0 -168.3  -19.0  169.8  -54.3  -38.8  -46.7 -111.8   33.2  146.0   39.7   25.6   34.2 -154.3  -44.4   40.3  -41.2  -79.1   26.1 -101.7  -22.7  -19.1   47.5  -11.7  -29.0   93.7  -24.3   16.3    6.1  114.7   51.5  116.5   -0.1    0.9
23:40  -43.6 -137.7   -1.1   28.3  -27.7  129.4    3.0  -62.6   54.9   93.7  -44.2   78.4  -54.5  144.0   52.6   32.4   55.5  -75.9    5.3   -3.4   14.4 -119.4   47.4  -48.9   28.9   78.5   54.4 -171.8  -30.3 -165.9  -10.8  170.8  -54.3  -26.3  -40.8 -105.6   40.4  150.1   32.5   29.2   27.0 -151.3  -50.0   47.4  -46.9  -72.5   33.8  -99.2  -14.8  -17.6   52.2   -2.8  -21.3   95.9  -32.0   18.6   -2.2  115.5   46.8  125.1    8.1    1.6
